## dataset from https://github.com/hypertidy/area/issues/4
x_benchmark <- structure(
  list(
    row = c(
      0,
      -498963,
      -498963,
      -417874,
      -417874,
      320934,
      320934,
      473395,
      473395,
      968830,
      968830,
      1302067,
      1302067,
      2043066,
      2043066,
      2101069,
      2101069,
      1914798,
      1914798,
      2101069,
      2101069,
      1544431,
      1544431,
      1356916,
      1356916,
      2284190,
      2284190,
      1356916,
      1356916,
      922820,
      922820,
      197998,
      197998,
      922820,
      922820,
      328148,
      328148,
      130924,
      130924,
      -498963,
      -498963,
      -809743,
      -809743,
      -1134024,
      -1134024,
      -809743,
      -809743,
      -1357566,
      -1357566,
      -1333500,
      -1333500,
      -1357566,
      -1357566,
      -1863918,
      -1863918,
      -2327103,
      -2327103,
      -2681820,
      -2681820,
      -2780336,
      -2780336,
      -2873135,
      -2873135,
      -3611816,
      -3611816,
      -3839932,
      -3839932,
      -3482296,
      -3482296,
      -3152511,
      -3152511,
      -2677912,
      -2677912,
      -2467459,
      -2467459,
      -2327103,
      -2327103,
      -2978313,
      -2978313,
      -3095147,
      -3095147,
      -3124967,
      -3124967,
      -3553301,
      -3553301,
      -3666909,
      -3666909,
      -3210836,
      -3210836,
      -3062978,
      -3062978,
      -2918355,
      -2918355,
      -2327625,
      -2327625,
      -1547845,
      -1547845,
      -1480514,
      -1480514,
      -809743,
      -809743,
      -320785,
      -320785,
      -690185,
      -690185,
      -1115192,
      -1115192,
      -320785,
      -320785,
      -809743,
      -809743,
      -1457239,
      -1457239,
      -1492281,
      -1492281,
      -1553232,
      -1553232,
      -1729687,
      -1729687,
      -1782014,
      -1782014,
      -2331671,
      -2331671,
      -2846555,
      -2846555,
      -2988263,
      -2988263,
      -3177668,
      -3177668,
      -3832123,
      -3832123,
      -4452514,
      -4452514,
      -4583789,
      -4583789,
      -4959183,
      -4959183,
      -5669028,
      -5669028,
      -5737111,
      -5737111,
      -5714005,
      -5714005,
      -4892079,
      -4892079,
      -4452514,
      -4452514,
      -4988810,
      -4988810,
      -5666615,
      -5666615,
      -6100979,
      -6100979,
      -6535427,
      -6535427,
      -6646619,
      -6646619,
      -5871064,
      -5871064,
      -5643838,
      -5643838,
      -4717797,
      -4717797,
      -4452514,
      -4452514,
      -4702158,
      -4702158,
      -5128245,
      -5128245,
      -5576436,
      -5576436,
      -5714449,
      -5714449,
      -6166016,
      -6166016,
      -6684515,
      -6684515,
      -6809171,
      -6809171,
      -6915055,
      -6915055,
      -7620135,
      -7620135,
      -7720646,
      -7720646,
      -7736172,
      -7736172,
      -8505406,
      -8505406,
      -8730094,
      -8730094,
      -8860236,
      -8860236,
      -8328086,
      -8328086,
      -7775422,
      -7775422,
      -7462950,
      -7462950,
      -6809171,
      -6809171,
      -7589501,
      -7589501,
      -7677481,
      -7677481,
      -7793457,
      -7793457,
      -8490214,
      -8490214,
      -8932061,
      -8932061,
      -9242616,
      -9242616,
      -9690203,
      -9690203,
      -9930164,
      -9930164,
      -10192511,
      -10192511,
      -10669276,
      -10669276,
      -10192511,
      -10192511,
      -10566503,
      -10566503,
      -10808624,
      -10808624,
      -11168091,
      -11168091,
      -11268195,
      -11268195,
      -11834816,
      -11834816,
      -12235733,
      -12235733,
      -13103435,
      -13103435,
      -13676237,
      -13676237,
      -14302336,
      -14302336,
      -14779160,
      -14779160,
      -14060415,
      -14060415,
      -14779160,
      -14779160,
      -15471305,
      -15471305,
      -16200281,
      -16200281,
      -16256257,
      -16256257,
      -15471305,
      -15471305,
      -15959770,
      -15959770,
      -16402204,
      -16402204,
      -15593272,
      -15593272,
      -15163722,
      -15163722,
      -15700804,
      -15700804,
      -15163722,
      -15163722,
      -14354046,
      -14354046,
      -13862042,
      -13862042,
      -13937641,
      -13937641,
      -14788121,
      -14788121,
      -15163722,
      -15163722,
      -14656526,
      -14656526,
      -14370444,
      -14370444,
      -13926321,
      -13926321,
      -13869189,
      -13869189,
      -13820343,
      -13820343,
      -13209448,
      -13209448,
      -12907895,
      -12907895,
      -12049720,
      -12049720,
      -11879700,
      -11879700,
      -11443565,
      -11443565,
      -10826804,
      -10826804,
      -11443565,
      -11443565,
      -11863795,
      -11863795,
      -12340613,
      -12340613,
      -12644625,
      -12644625,
      -12830827,
      -12830827,
      -13155464,
      -13155464,
      -13820343,
      -13820343,
      -13251798,
      -13251798,
      -12813797,
      -12813797,
      -12371283,
      -12371283,
      -12922983,
      -12922983,
      -13251798,
      -13251798,
      -12308927,
      -12308927,
      -11447511,
      -11447511,
      -10986059,
      -10986059,
      -10314878,
      -10314878,
      -9453923,
      -9453923,
      -8839807,
      -8839807,
      -8162041,
      -8162041,
      -8061260,
      -8061260,
      -7403221,
      -7403221,
      -7214596,
      -7214596,
      -8116021,
      -8116021,
      -7622303,
      -7622303,
      -7085272,
      -7085272,
      -6972403
    ),